image: /home/cansu/map_bozuk.pgm
resolution: 0.050000
origin: [-0.933451, -0.973019, 0.000000]
negate: 0
occupied_thresh: 0.65
free_thresh: 0.196

