image: /home/cansu/moborobo_map.pgm
resolution: 0.050000
origin: [-39.354195, -8.091011, 0.000000]
negate: 0
occupied_thresh: 0.65
free_thresh: 0.196

