image: /home/cansu/my_map.pgm
resolution: 0.050000
origin: [-5.114474, -2.934182, 0.000000]
negate: 0
occupied_thresh: 0.65
free_thresh: 0.196

